0, 225
0, 222
0, 211
0, 209
0, 204
0, 202
0, 191
0, 176
0, 163
0, 160
0, 149
0, 114
0, 97
0, 80
0, 68
0, 59
0, 58
0, 49
0, 44
0, 24
0, 15
1, 220
1, 203
1, 200
1, 194
1, 189
1, 164
1, 150
1, 130
1, 107
1, 72
2, 141
2, 110
2, 108
2, 86
2, 79
2, 51
2, 42
2, 18
2, 14
3, 241
3, 228
3, 153
3, 115
3, 76
3, 67
3, 45
3, 37
4, 240
4, 239
4, 159
4, 138
4, 128
4, 112
4, 78
4, 77
4, 55
4, 26
4, 5
5, 4
5, 226
5, 217
5, 104
5, 102
5, 77
5, 67
5, 55
5, 32
5, 26
6, 236
6, 178
6, 166
6, 147
6, 140
6, 129
6, 117
6, 99
6, 98
6, 54
6, 16
7, 230
7, 197
7, 188
7, 184
7, 181
7, 157
7, 148
7, 125
7, 101
7, 71
7, 65
7, 57
7, 42
8, 246
8, 244
8, 221
8, 212
8, 210
8, 207
8, 179
8, 152
8, 143
8, 85
8, 82
8, 43
8, 30
8, 11
9, 195
9, 142
9, 114
9, 68
9, 58
9, 33
9, 23
10, 246
10, 175
10, 123
10, 106
10, 105
11, 8
11, 246
11, 244
11, 212
11, 207
11, 175
11, 152
11, 143
11, 85
11, 82
11, 43
11, 30
12, 242
12, 198
12, 182
12, 170
12, 121
12, 113
12, 94
12, 88
12, 41
12, 36
12, 35
12, 28
13, 192
13, 174
13, 162
13, 133
13, 129
13, 103
13, 100
13, 19
14, 2
14, 166
14, 133
14, 129
14, 86
14, 51
14, 18
15, 0
15, 225
15, 222
15, 211
15, 209
15, 204
15, 202
15, 163
15, 149
15, 114
15, 80
15, 66
15, 58
15, 49
15, 39
15, 24
16, 6
16, 236
16, 178
16, 166
16, 147
16, 140
16, 129
16, 117
16, 99
16, 98
16, 54
17, 229
17, 223
17, 182
17, 170
17, 158
17, 134
17, 121
17, 81
17, 41
18, 2
18, 14
18, 141
18, 94
18, 86
18, 51
18, 35
19, 13
19, 243
19, 192
19, 179
19, 174
19, 103
19, 100
19, 84
19, 79
19, 70
20, 247
20, 220
20, 194
20, 190
20, 164
20, 127
20, 116
20, 89
20, 75
20, 40
21, 240
21, 233
21, 230
21, 188
21, 184
21, 138
21, 71
21, 65
21, 62
21, 27
22, 145
22, 120
22, 73
22, 56
22, 53
22, 34
23, 9
23, 222
23, 195
23, 176
23, 114
23, 68
23, 58
23, 33
24, 0
24, 15
24, 225
24, 222
24, 211
24, 209
24, 206
24, 163
24, 149
24, 114
24, 80
24, 66
24, 39
25, 199
25, 111
25, 96
25, 63
25, 60
26, 4
26, 5
26, 240
26, 239
26, 226
26, 217
26, 138
26, 102
26, 78
26, 77
26, 55
27, 21
27, 240
27, 233
27, 230
27, 188
27, 184
27, 138
27, 71
27, 65
27, 62
28, 12
28, 242
28, 223
28, 198
28, 182
28, 170
28, 121
28, 113
28, 94
28, 41
28, 35
29, 227
29, 224
29, 218
29, 167
29, 146
29, 137
29, 109
29, 91
29, 64
29, 47
30, 8
30, 11
30, 244
30, 221
30, 219
30, 214
30, 212
30, 210
30, 207
30, 179
30, 156
30, 152
30, 143
30, 82
30, 79
30, 70
30, 43
31, 241
31, 228
31, 153
31, 115
31, 37
32, 5
32, 248
32, 231
32, 226
32, 208
32, 201
32, 187
32, 185
32, 168
32, 160
32, 151
32, 144
32, 104
32, 102
32, 93
32, 77
32, 52
33, 9
33, 23
33, 222
33, 163
33, 114
33, 58
34, 22
34, 145
34, 120
34, 73
34, 56
34, 53
35, 12
35, 18
35, 28
35, 198
35, 141
35, 94
35, 88
35, 41
35, 36
36, 12
36, 35
36, 182
36, 98
36, 88
36, 41
37, 3
37, 31
37, 241
37, 228
37, 153
37, 115
37, 95
37, 76
38, 215
38, 183
38, 126
38, 109
38, 74
39, 15
39, 24
39, 211
39, 209
39, 206
39, 149
39, 80
39, 66
40, 20
40, 247
40, 220
40, 194
40, 190
40, 164
40, 150
40, 116
40, 89
40, 75
41, 12
41, 17
41, 28
41, 35
41, 36
41, 198
41, 182
41, 170
41, 121
41, 88
41, 81
42, 2
42, 7
42, 196
42, 181
42, 157
42, 141
42, 135
42, 108
42, 101
42, 86
43, 8
43, 11
43, 30
43, 244
43, 221
43, 219
43, 212
43, 210
43, 207
43, 156
43, 152
43, 82
44, 0
44, 248
44, 231
44, 225
44, 222
44, 204
44, 202
44, 191
44, 185
44, 176
44, 168
44, 160
44, 144
44, 97
44, 93
44, 80
44, 68
44, 59
44, 49
45, 3
45, 232
45, 217
45, 104
45, 95
45, 83
45, 76
45, 67
45, 48
46, 186
46, 177
46, 169
46, 161
47, 29
47, 224
47, 218
47, 167
47, 146
47, 137
47, 109
47, 91
47, 64
48, 45
48, 248
48, 232
48, 217
48, 216
48, 201
48, 185
48, 144
48, 104
48, 83
48, 50
49, 0
49, 15
49, 44
49, 248
49, 225
49, 222
49, 204
49, 202
49, 191
49, 185
49, 176
49, 160
49, 144
49, 97
49, 93
49, 80
49, 59
50, 48
50, 248
50, 232
50, 201
50, 185
50, 144
50, 104
50, 97
50, 80
50, 59
51, 2
51, 14
51, 18
51, 214
51, 133
51, 110
51, 86
51, 79
51, 70
52, 32
52, 231
52, 226
52, 208
52, 187
52, 168
52, 151
52, 102
52, 93
52, 77
53, 22
53, 34
53, 229
53, 145
53, 134
53, 120
53, 119
53, 81
53, 73
53, 56
54, 6
54, 16
54, 147
54, 140
54, 117
54, 99
55, 4
55, 5
55, 26
55, 239
55, 217
55, 159
55, 136
55, 128
55, 112
55, 78
55, 67
56, 22
56, 34
56, 53
56, 161
56, 145
56, 120
56, 119
56, 73
57, 7
57, 230
57, 208
57, 197
57, 188
57, 184
57, 181
57, 172
57, 157
57, 151
57, 148
57, 125
57, 118
57, 65
58, 0
58, 9
58, 15
58, 23
58, 33
58, 222
58, 211
58, 209
58, 204
58, 202
58, 191
58, 176
58, 163
58, 114
58, 68
59, 0
59, 44
59, 49
59, 50
59, 248
59, 225
59, 204
59, 185
59, 144
59, 97
59, 80
60, 25
60, 237
60, 199
60, 111
60, 96
60, 63
61, 234
61, 194
61, 130
61, 111
61, 89
61, 87
62, 21
62, 27
62, 240
62, 239
62, 233
62, 188
62, 138
62, 128
62, 90
62, 78
62, 71
63, 25
63, 60
63, 237
63, 199
63, 96
64, 29
64, 47
64, 227
64, 218
64, 215
64, 183
64, 146
64, 145
64, 137
64, 134
64, 119
64, 109
64, 91
65, 7
65, 21
65, 27
65, 57
65, 240
65, 230
65, 208
65, 197
65, 188
65, 184
65, 181
65, 157
65, 151
65, 148
65, 138
65, 125
65, 71
66, 15
66, 24
66, 39
66, 209
66, 206
66, 149
67, 3
67, 5
67, 45
67, 55
67, 217
67, 112
67, 83
68, 0
68, 9
68, 23
68, 44
68, 58
68, 222
68, 204
68, 202
68, 191
68, 176
68, 165
68, 160
68, 114
69, 173
69, 128
69, 107
70, 19
70, 30
70, 51
70, 244
70, 214
70, 212
70, 179
70, 174
70, 100
70, 84
70, 79
71, 7
71, 21
71, 27
71, 62
71, 65
71, 240
71, 233
71, 230
71, 188
71, 184
71, 181
71, 157
71, 148
71, 135
72, 1
72, 249
72, 220
72, 203
72, 200
72, 189
72, 186
72, 177
72, 150
72, 107
73, 22
73, 34
73, 53
73, 56
73, 145
73, 120
74, 38
74, 215
74, 183
74, 126
74, 109
75, 20
75, 40
75, 247
75, 220
75, 194
75, 190
75, 164
75, 116
75, 89
76, 3
76, 37
76, 45
76, 241
76, 228
76, 153
76, 115
76, 95
77, 4
77, 5
77, 26
77, 32
77, 52
77, 240
77, 226
77, 208
77, 187
77, 151
77, 138
77, 102
77, 78
78, 4
78, 26
78, 55
78, 62
78, 77
78, 240
78, 239
78, 159
78, 138
78, 128
78, 112
79, 2
79, 19
79, 30
79, 51
79, 70
79, 214
79, 212
79, 179
79, 174
79, 110
79, 84
80, 0
80, 15
80, 24
80, 39
80, 44
80, 49
80, 50
80, 59
80, 225
80, 204
80, 202
80, 149
80, 97
81, 17
81, 41
81, 53
81, 229
81, 227
81, 146
81, 134
81, 119
82, 8
82, 11
82, 30
82, 43
82, 246
82, 244
82, 212
82, 207
82, 175
82, 152
82, 85
83, 45
83, 48
83, 67
83, 232
83, 217
83, 201
83, 104
83, 95
84, 19
84, 70
84, 79
84, 243
84, 193
84, 192
84, 179
84, 174
84, 131
84, 106
84, 103
84, 100
85, 8
85, 11
85, 82
85, 246
85, 175
85, 152
86, 2
86, 14
86, 18
86, 42
86, 51
86, 141
86, 135
86, 108
87, 61
87, 234
87, 194
87, 136
87, 130
87, 111
88, 12
88, 35
88, 36
88, 41
88, 182
88, 98
89, 20
89, 40
89, 61
89, 75
89, 194
89, 164
89, 130
89, 127
89, 116
90, 62
90, 242
90, 233
90, 173
90, 113
91, 29
91, 47
91, 64
91, 227
91, 224
91, 218
91, 146
91, 145
91, 137
91, 134
91, 119
91, 109
92, 235
92, 205
92, 172
92, 171
92, 139
92, 132
92, 122
93, 32
93, 44
93, 49
93, 52
93, 248
93, 231
93, 226
93, 204
93, 202
93, 191
93, 187
93, 185
93, 176
93, 168
93, 160
93, 144
93, 97
94, 12
94, 18
94, 28
94, 35
94, 242
94, 198
94, 141
95, 37
95, 45
95, 76
95, 83
95, 216
95, 153
95, 115
96, 25
96, 60
96, 63
96, 237
96, 199
97, 0
97, 44
97, 49
97, 50
97, 59
97, 80
97, 93
97, 248
97, 231
97, 225
97, 204
97, 202
97, 191
97, 185
97, 176
97, 168
97, 160
97, 144
98, 6
98, 16
98, 36
98, 88
98, 236
98, 178
98, 117
99, 6
99, 16
99, 54
99, 162
99, 147
99, 140
99, 129
100, 13
100, 19
100, 70
100, 84
100, 192
100, 174
100, 133
100, 103
101, 7
101, 42
101, 219
101, 214
101, 205
101, 196
101, 181
101, 157
101, 156
101, 139
101, 125
101, 122
101, 110
101, 108
102, 5
102, 26
102, 32
102, 52
102, 77
102, 240
102, 226
102, 187
102, 138
103, 13
103, 19
103, 84
103, 100
103, 243
103, 192
103, 174
104, 5
104, 32
104, 45
104, 48
104, 50
104, 83
104, 248
104, 232
104, 217
104, 201
104, 185
104, 144
105, 10
105, 246
105, 243
105, 193
105, 143
105, 131
105, 123
105, 106
106, 10
106, 84
106, 105
106, 246
106, 243
106, 193
106, 179
106, 143
106, 131
106, 123
107, 1
107, 69
107, 72
107, 203
107, 200
107, 173
107, 130
108, 2
108, 42
108, 86
108, 101
108, 219
108, 214
108, 205
108, 196
108, 181
108, 156
108, 139
108, 135
108, 122
108, 110
109, 29
109, 38
109, 47
109, 64
109, 74
109, 91
109, 218
109, 215
109, 183
109, 146
109, 137
109, 126
110, 2
110, 51
110, 79
110, 101
110, 108
110, 221
110, 219
110, 214
110, 212
110, 210
110, 207
110, 205
110, 196
110, 156
110, 139
110, 122
111, 25
111, 60
111, 61
111, 87
112, 4
112, 55
112, 67
112, 78
112, 239
112, 234
112, 159
112, 136
112, 128
113, 12
113, 28
113, 90
113, 242
113, 223
113, 198
113, 182
113, 170
113, 158
113, 121
114, 0
114, 9
114, 15
114, 23
114, 24
114, 33
114, 58
114, 68
114, 225
114, 222
114, 211
114, 209
114, 204
114, 202
114, 191
114, 176
114, 163
115, 3
115, 31
115, 37
115, 76
115, 95
115, 241
115, 228
115, 153
116, 20
116, 40
116, 75
116, 89
116, 247
116, 220
116, 194
116, 190
116, 164
117, 6
117, 16
117, 54
117, 98
117, 236
117, 178
117, 167
117, 147
117, 140
118, 57
118, 213
118, 208
118, 197
118, 184
118, 180
118, 172
118, 165
118, 155
118, 151
118, 142
118, 124
119, 53
119, 56
119, 64
119, 81
119, 91
119, 227
119, 146
119, 145
119, 137
119, 134
119, 120
120, 22
120, 34
120, 53
120, 56
120, 73
120, 119
120, 229
120, 161
120, 145
121, 12
121, 17
121, 28
121, 41
121, 113
121, 242
121, 223
121, 198
121, 182
121, 170
121, 158
122, 92
122, 101
122, 108
122, 110
122, 221
122, 219
122, 214
122, 210
122, 207
122, 205
122, 196
122, 156
122, 139
123, 10
123, 105
123, 106
123, 246
123, 175
124, 118
124, 235
124, 213
124, 197
124, 180
124, 172
124, 171
124, 165
124, 155
124, 142
125, 7
125, 57
125, 65
125, 101
125, 230
125, 197
125, 184
125, 181
125, 172
125, 157
125, 148
126, 38
126, 74
126, 109
126, 215
126, 183
127, 20
127, 89
128, 4
128, 55
128, 62
128, 69
128, 78
128, 112
128, 239
128, 173
128, 159
128, 136
129, 6
129, 13
129, 14
129, 16
129, 99
129, 236
129, 178
129, 166
129, 147
129, 133
130, 1
130, 61
130, 87
130, 89
130, 107
130, 234
130, 194
131, 84
131, 105
131, 106
131, 243
131, 193
131, 179
131, 143
132, 92
132, 238
132, 235
132, 171
132, 154
133, 13
133, 14
133, 51
133, 100
133, 129
133, 166
134, 17
134, 53
134, 64
134, 81
134, 91
134, 119
134, 227
134, 146
134, 145
134, 137
135, 42
135, 71
135, 86
135, 108
135, 230
135, 181
135, 141
136, 55
136, 87
136, 112
136, 128
136, 234
136, 159
137, 29
137, 47
137, 64
137, 91
137, 109
137, 119
137, 134
137, 227
137, 224
137, 218
137, 215
137, 183
137, 146
137, 145
138, 4
138, 21
138, 26
138, 27
138, 62
138, 65
138, 77
138, 78
138, 102
138, 240
138, 239
138, 233
138, 226
138, 188
138, 151
139, 92
139, 101
139, 108
139, 110
139, 122
139, 221
139, 219
139, 214
139, 210
139, 205
139, 196
139, 156
140, 6
140, 16
140, 54
140, 99
140, 117
140, 162
140, 147
141, 2
141, 18
141, 35
141, 42
141, 86
141, 94
141, 135
142, 9
142, 118
142, 124
142, 238
142, 235
142, 213
142, 195
142, 180
142, 172
142, 171
142, 165
142, 155
142, 154
143, 8
143, 11
143, 30
143, 105
143, 106
143, 131
143, 246
143, 244
143, 212
143, 193
143, 179
143, 175
143, 152
144, 32
144, 44
144, 48
144, 49
144, 50
144, 59
144, 93
144, 97
144, 104
144, 248
144, 232
144, 231
144, 204
144, 201
144, 187
144, 185
144, 168
145, 22
145, 34
145, 53
145, 56
145, 64
145, 73
145, 91
145, 119
145, 120
145, 134
145, 137
145, 146
146, 29
146, 47
146, 64
146, 81
146, 91
146, 109
146, 119
146, 134
146, 137
146, 145
146, 227
146, 224
146, 218
147, 6
147, 16
147, 54
147, 99
147, 117
147, 129
147, 140
147, 166
147, 162
148, 7
148, 57
148, 65
148, 71
148, 125
148, 230
148, 197
148, 188
148, 184
148, 181
148, 157
149, 0
149, 15
149, 24
149, 39
149, 66
149, 80
149, 225
149, 222
149, 211
149, 209
149, 206
149, 163
150, 1
150, 40
150, 72
150, 220
150, 203
150, 190
150, 189
150, 186
150, 177
150, 169
150, 164
151, 32
151, 52
151, 57
151, 65
151, 77
151, 118
151, 138
151, 231
151, 226
151, 208
151, 187
151, 168
152, 8
152, 11
152, 30
152, 43
152, 82
152, 85
152, 143
152, 246
152, 244
152, 221
152, 212
152, 210
152, 207
152, 179
153, 3
153, 31
153, 37
153, 76
153, 95
153, 115
153, 241
153, 228
154, 132
154, 142
154, 245
154, 238
154, 235
154, 195
154, 171
155, 118
155, 124
155, 142
155, 238
155, 235
155, 213
155, 197
155, 180
155, 172
155, 171
155, 165
156, 30
156, 43
156, 101
156, 108
156, 110
156, 122
156, 139
156, 221
156, 219
156, 214
156, 212
156, 210
156, 207
156, 205
156, 196
157, 7
157, 42
157, 57
157, 65
157, 71
157, 101
157, 125
157, 148
157, 230
157, 197
157, 188
157, 184
157, 181
158, 17
158, 113
158, 121
158, 249
158, 229
158, 223
158, 203
158, 200
158, 170
159, 4
159, 55
159, 78
159, 112
159, 128
159, 136
159, 239
159, 234
160, 0
160, 32
160, 44
160, 49
160, 68
160, 93
160, 97
160, 231
160, 225
160, 204
160, 202
160, 191
160, 187
160, 176
160, 168
161, 46
161, 56
161, 120
161, 249
161, 229
161, 189
161, 186
161, 177
161, 169
162, 13
162, 99
162, 140
162, 147
162, 192
163, 0
163, 15
163, 24
163, 33
163, 58
163, 114
163, 149
163, 225
163, 222
163, 211
163, 209
163, 202
164, 1
164, 20
164, 40
164, 75
164, 89
164, 116
164, 150
164, 247
164, 220
164, 194
164, 190
165, 68
165, 118
165, 124
165, 142
165, 155
165, 213
165, 191
165, 180
165, 172
165, 171
166, 6
166, 14
166, 16
166, 129
166, 133
166, 147
166, 236
167, 29
167, 47
167, 117
167, 224
168, 32
168, 44
168, 52
168, 93
168, 97
168, 144
168, 151
168, 160
168, 248
168, 231
168, 226
168, 208
168, 204
168, 187
169, 46
169, 150
169, 161
169, 220
169, 190
169, 189
169, 186
169, 177
170, 12
170, 17
170, 28
170, 41
170, 113
170, 121
170, 158
170, 249
170, 229
170, 223
170, 198
170, 182
171, 92
171, 124
171, 132
171, 142
171, 154
171, 155
171, 165
171, 245
171, 238
171, 235
171, 213
171, 180
171, 172
172, 57
172, 92
172, 118
172, 124
172, 125
172, 142
172, 155
172, 165
172, 171
172, 235
172, 213
172, 197
172, 180
173, 69
173, 90
173, 107
173, 128
174, 13
174, 19
174, 70
174, 79
174, 84
174, 100
174, 103
174, 243
174, 192
174, 179
175, 10
175, 11
175, 82
175, 85
175, 123
175, 143
175, 246
176, 0
176, 23
176, 44
176, 49
176, 58
176, 68
176, 93
176, 97
176, 114
176, 160
176, 225
176, 222
176, 204
176, 202
176, 191
177, 46
177, 72
177, 150
177, 161
177, 169
177, 249
177, 203
177, 189
177, 186
178, 6
178, 16
178, 98
178, 117
178, 129
178, 236
179, 8
179, 19
179, 30
179, 70
179, 79
179, 84
179, 106
179, 131
179, 143
179, 152
179, 174
179, 244
179, 212
179, 193
180, 118
180, 124
180, 142
180, 155
180, 165
180, 171
180, 172
180, 213
181, 7
181, 42
181, 57
181, 65
181, 71
181, 101
181, 108
181, 125
181, 135
181, 148
181, 157
181, 230
181, 196
181, 188
181, 184
182, 12
182, 17
182, 28
182, 36
182, 41
182, 88
182, 113
182, 121
182, 170
182, 242
182, 223
182, 198
183, 38
183, 64
183, 74
183, 109
183, 126
183, 137
183, 215
184, 7
184, 21
184, 27
184, 57
184, 65
184, 71
184, 118
184, 125
184, 148
184, 157
184, 181
184, 230
184, 197
184, 188
185, 32
185, 44
185, 48
185, 49
185, 50
185, 59
185, 93
185, 97
185, 104
185, 144
185, 248
185, 232
185, 201
186, 46
186, 72
186, 150
186, 161
186, 169
186, 177
186, 249
186, 203
186, 189
187, 32
187, 52
187, 77
187, 93
187, 102
187, 144
187, 151
187, 160
187, 168
187, 248
187, 231
187, 226
187, 208
188, 7
188, 21
188, 27
188, 57
188, 62
188, 65
188, 71
188, 138
188, 148
188, 157
188, 181
188, 184
188, 240
188, 233
188, 230
189, 1
189, 72
189, 150
189, 161
189, 169
189, 177
189, 186
189, 249
189, 220
189, 203
189, 200
190, 20
190, 40
190, 75
190, 116
190, 150
190, 164
190, 169
190, 247
190, 220
191, 0
191, 44
191, 49
191, 58
191, 68
191, 93
191, 97
191, 114
191, 160
191, 165
191, 176
191, 231
191, 225
191, 222
191, 204
191, 202
192, 13
192, 19
192, 84
192, 100
192, 103
192, 162
192, 174
192, 243
193, 84
193, 105
193, 106
193, 131
193, 143
193, 179
193, 243
194, 1
194, 20
194, 40
194, 61
194, 75
194, 87
194, 89
194, 116
194, 130
194, 164
194, 220
195, 9
195, 23
195, 142
195, 154
195, 245
195, 238
196, 42
196, 101
196, 108
196, 110
196, 122
196, 139
196, 156
196, 181
196, 219
196, 214
196, 205
197, 7
197, 57
197, 65
197, 118
197, 124
197, 125
197, 148
197, 155
197, 157
197, 172
197, 184
197, 230
198, 12
198, 28
198, 35
198, 41
198, 94
198, 113
198, 121
198, 170
198, 182
198, 242
198, 223
199, 25
199, 60
199, 63
199, 96
199, 237
200, 1
200, 72
200, 107
200, 158
200, 189
200, 249
200, 223
200, 203
201, 32
201, 48
201, 50
201, 83
201, 104
201, 144
201, 185
201, 248
201, 232
201, 217
201, 216
202, 0
202, 15
202, 44
202, 49
202, 58
202, 68
202, 80
202, 93
202, 97
202, 114
202, 160
202, 163
202, 176
202, 191
202, 225
202, 222
202, 211
202, 209
202, 204
203, 1
203, 72
203, 107
203, 150
203, 158
203, 177
203, 186
203, 189
203, 200
203, 249
204, 0
204, 15
204, 44
204, 49
204, 58
204, 59
204, 68
204, 80
204, 93
204, 97
204, 114
204, 144
204, 160
204, 168
204, 176
204, 191
204, 202
204, 231
204, 225
204, 222
205, 92
205, 101
205, 108
205, 110
205, 122
205, 139
205, 156
205, 196
205, 221
205, 219
205, 214
205, 210
205, 207
206, 24
206, 39
206, 66
206, 149
206, 209
207, 8
207, 11
207, 30
207, 43
207, 82
207, 110
207, 122
207, 152
207, 156
207, 205
207, 244
207, 221
207, 219
207, 214
207, 212
207, 210
208, 32
208, 52
208, 57
208, 65
208, 77
208, 118
208, 151
208, 168
208, 187
208, 231
208, 226
209, 0
209, 15
209, 24
209, 39
209, 58
209, 66
209, 114
209, 149
209, 163
209, 202
209, 206
209, 225
209, 222
209, 211
210, 8
210, 30
210, 43
210, 110
210, 122
210, 139
210, 152
210, 156
210, 205
210, 207
210, 244
210, 221
210, 219
210, 214
210, 212
211, 0
211, 15
211, 24
211, 39
211, 58
211, 114
211, 149
211, 163
211, 202
211, 209
211, 225
211, 222
212, 8
212, 11
212, 30
212, 43
212, 70
212, 79
212, 82
212, 110
212, 143
212, 152
212, 156
212, 179
212, 207
212, 210
212, 244
212, 221
212, 219
212, 214
213, 118
213, 124
213, 142
213, 155
213, 165
213, 171
213, 172
213, 180
213, 238
213, 235
214, 30
214, 51
214, 70
214, 79
214, 101
214, 108
214, 110
214, 122
214, 139
214, 156
214, 196
214, 205
214, 207
214, 210
214, 212
214, 221
214, 219
215, 38
215, 64
215, 74
215, 109
215, 126
215, 137
215, 183
216, 48
216, 95
216, 201
216, 232
217, 5
217, 26
217, 45
217, 48
217, 55
217, 67
217, 83
217, 104
217, 201
217, 232
218, 29
218, 47
218, 64
218, 91
218, 109
218, 137
218, 146
218, 227
218, 224
219, 30
219, 43
219, 101
219, 108
219, 110
219, 122
219, 139
219, 156
219, 196
219, 205
219, 207
219, 210
219, 212
219, 214
219, 221
220, 1
220, 20
220, 40
220, 72
220, 75
220, 116
220, 150
220, 164
220, 169
220, 189
220, 190
220, 194
220, 247
221, 8
221, 30
221, 43
221, 110
221, 122
221, 139
221, 152
221, 156
221, 205
221, 207
221, 210
221, 212
221, 214
221, 219
222, 0
222, 15
222, 23
222, 24
222, 33
222, 44
222, 49
222, 58
222, 68
222, 114
222, 149
222, 163
222, 176
222, 191
222, 202
222, 204
222, 209
222, 211
222, 225
223, 17
223, 28
223, 113
223, 121
223, 158
223, 170
223, 182
223, 198
223, 200
223, 249
223, 242
224, 29
224, 47
224, 91
224, 137
224, 146
224, 167
224, 218
225, 0
225, 15
225, 24
225, 44
225, 49
225, 59
225, 80
225, 97
225, 114
225, 149
225, 160
225, 163
225, 176
225, 191
225, 202
225, 204
225, 209
225, 211
225, 222
226, 5
226, 26
226, 32
226, 52
226, 77
226, 93
226, 102
226, 138
226, 151
226, 168
226, 187
226, 208
226, 231
227, 29
227, 64
227, 81
227, 91
227, 119
227, 134
227, 137
227, 146
227, 218
228, 3
228, 31
228, 37
228, 76
228, 115
228, 153
228, 241
229, 17
229, 53
229, 81
229, 120
229, 158
229, 161
229, 170
229, 249
230, 7
230, 21
230, 27
230, 57
230, 65
230, 71
230, 125
230, 135
230, 148
230, 157
230, 181
230, 184
230, 188
230, 197
231, 32
231, 44
231, 52
231, 93
231, 97
231, 144
231, 151
231, 160
231, 168
231, 187
231, 191
231, 204
231, 208
231, 226
231, 248
232, 45
232, 48
232, 50
232, 83
232, 104
232, 144
232, 185
232, 201
232, 216
232, 217
232, 248
233, 21
233, 27
233, 62
233, 71
233, 90
233, 138
233, 188
233, 240
234, 61
234, 87
234, 112
234, 130
234, 136
234, 159
235, 92
235, 124
235, 132
235, 142
235, 154
235, 155
235, 171
235, 172
235, 213
235, 238
236, 6
236, 16
236, 98
236, 117
236, 129
236, 166
236, 178
237, 60
237, 63
237, 96
237, 199
238, 132
238, 142
238, 154
238, 155
238, 171
238, 195
238, 213
238, 235
238, 245
239, 4
239, 26
239, 55
239, 62
239, 78
239, 112
239, 128
239, 138
239, 159
239, 240
240, 4
240, 21
240, 26
240, 27
240, 62
240, 65
240, 71
240, 77
240, 78
240, 102
240, 138
240, 188
240, 233
240, 239
241, 3
241, 31
241, 37
241, 76
241, 115
241, 153
241, 228
242, 12
242, 28
242, 90
242, 94
242, 113
242, 121
242, 182
242, 198
242, 223
243, 19
243, 84
243, 103
243, 105
243, 106
243, 131
243, 174
243, 192
243, 193
244, 8
244, 11
244, 30
244, 43
244, 70
244, 82
244, 143
244, 152
244, 179
244, 207
244, 210
244, 212
244, 246
245, 154
245, 171
245, 195
245, 238
246, 8
246, 10
246, 11
246, 82
246, 85
246, 105
246, 106
246, 123
246, 143
246, 152
246, 175
246, 244
247, 20
247, 40
247, 75
247, 116
247, 164
247, 190
247, 220
248, 32
248, 44
248, 48
248, 49
248, 50
248, 59
248, 93
248, 97
248, 104
248, 144
248, 168
248, 185
248, 187
248, 201
248, 231
248, 232
249, 72
249, 158
249, 161
249, 170
249, 177
249, 186
249, 189
249, 200
249, 203
249, 223
249, 229
